0 0.309017 0.587785 0.809017 0.951057 1 0.951057 0.809017 0.587785 0.309017 1.22465e-16 -0.309017 -0.587785 -0.809017 -0.951057 -1 -0.951057 -0.809017 -0.587785 -0.309017 -2.44929e-16 0.309017 0.587785 0.809017 0.951057 1 0.951057 0.809017 0.587785 0.309017 3.67394e-16 -0.309017 -0.587785 -0.809017 -0.951057 -1 -0.951057 -0.809017 -0.587785 -0.309017 -4.89859e-16 

-0.309017 0 0.309017 0.587785 0.809017 0.951057 1 0.951057 0.809017 0.587785 0.309017 1.22465e-16 -0.309017 -0.587785 -0.809017 -0.951057 -1 -0.951057 -0.809017 -0.587785 -0.309017 -2.44929e-16 0.309017 0.587785 0.809017 0.951057 1 0.951057 0.809017 0.587785 0.309017 3.67394e-16 -0.309017 -0.587785 -0.809017 -0.951057 -1 -0.951057 -0.809017 -0.587785 -0.309017 

-0.587785 -0.309017 0 0.309017 0.587785 0.809017 0.951057 1 0.951057 0.809017 0.587785 0.309017 1.22465e-16 -0.309017 -0.587785 -0.809017 -0.951057 -1 -0.951057 -0.809017 -0.587785 -0.309017 -2.44929e-16 0.309017 0.587785 0.809017 0.951057 1 0.951057 0.809017 0.587785 0.309017 3.67394e-16 -0.309017 -0.587785 -0.809017 -0.951057 -1 -0.951057 -0.809017 -0.587785 

-0.809017 -0.587785 -0.309017 0 0.309017 0.587785 0.809017 0.951057 1 0.951057 0.809017 0.587785 0.309017 1.22465e-16 -0.309017 -0.587785 -0.809017 -0.951057 -1 -0.951057 -0.809017 -0.587785 -0.309017 -2.44929e-16 0.309017 0.587785 0.809017 0.951057 1 0.951057 0.809017 0.587785 0.309017 3.67394e-16 -0.309017 -0.587785 -0.809017 -0.951057 -1 -0.951057 -0.809017 

-0.951057 -0.809017 -0.587785 -0.309017 0 0.309017 0.587785 0.809017 0.951057 1 0.951057 0.809017 0.587785 0.309017 1.22465e-16 -0.309017 -0.587785 -0.809017 -0.951057 -1 -0.951057 -0.809017 -0.587785 -0.309017 -2.44929e-16 0.309017 0.587785 0.809017 0.951057 1 0.951057 0.809017 0.587785 0.309017 3.67394e-16 -0.309017 -0.587785 -0.809017 -0.951057 -1 -0.951057 

-1 -0.951057 -0.809017 -0.587785 -0.309017 0 0.309017 0.587785 0.809017 0.951057 1 0.951057 0.809017 0.587785 0.309017 1.22465e-16 -0.309017 -0.587785 -0.809017 -0.951057 -1 -0.951057 -0.809017 -0.587785 -0.309017 -2.44929e-16 0.309017 0.587785 0.809017 0.951057 1 0.951057 0.809017 0.587785 0.309017 3.67394e-16 -0.309017 -0.587785 -0.809017 -0.951057 -1 

-0.951057 -1 -0.951057 -0.809017 -0.587785 -0.309017 0 0.309017 0.587785 0.809017 0.951057 1 0.951057 0.809017 0.587785 0.309017 1.22465e-16 -0.309017 -0.587785 -0.809017 -0.951057 -1 -0.951057 -0.809017 -0.587785 -0.309017 -2.44929e-16 0.309017 0.587785 0.809017 0.951057 1 0.951057 0.809017 0.587785 0.309017 3.67394e-16 -0.309017 -0.587785 -0.809017 -0.951057 

-0.809017 -0.951057 -1 -0.951057 -0.809017 -0.587785 -0.309017 0 0.309017 0.587785 0.809017 0.951057 1 0.951057 0.809017 0.587785 0.309017 1.22465e-16 -0.309017 -0.587785 -0.809017 -0.951057 -1 -0.951057 -0.809017 -0.587785 -0.309017 -2.44929e-16 0.309017 0.587785 0.809017 0.951057 1 0.951057 0.809017 0.587785 0.309017 3.67394e-16 -0.309017 -0.587785 -0.809017 

-0.587785 -0.809017 -0.951057 -1 -0.951057 -0.809017 -0.587785 -0.309017 0 0.309017 0.587785 0.809017 0.951057 1 0.951057 0.809017 0.587785 0.309017 1.22465e-16 -0.309017 -0.587785 -0.809017 -0.951057 -1 -0.951057 -0.809017 -0.587785 -0.309017 -2.44929e-16 0.309017 0.587785 0.809017 0.951057 1 0.951057 0.809017 0.587785 0.309017 3.67394e-16 -0.309017 -0.587785 

-0.309017 -0.587785 -0.809017 -0.951057 -1 -0.951057 -0.809017 -0.587785 -0.309017 0 0.309017 0.587785 0.809017 0.951057 1 0.951057 0.809017 0.587785 0.309017 1.22465e-16 -0.309017 -0.587785 -0.809017 -0.951057 -1 -0.951057 -0.809017 -0.587785 -0.309017 -2.44929e-16 0.309017 0.587785 0.809017 0.951057 1 0.951057 0.809017 0.587785 0.309017 3.67394e-16 -0.309017 

3.67394e-16 -0.309017 -0.587785 -0.809017 -0.951057 -1 -0.951057 -0.809017 -0.587785 -0.309017 0 0.309017 0.587785 0.809017 0.951057 1 0.951057 0.809017 0.587785 0.309017 1.22465e-16 -0.309017 -0.587785 -0.809017 -0.951057 -1 -0.951057 -0.809017 -0.587785 -0.309017 -2.44929e-16 0.309017 0.587785 0.809017 0.951057 1 0.951057 0.809017 0.587785 0.309017 3.67394e-16 

0.309017 3.67394e-16 -0.309017 -0.587785 -0.809017 -0.951057 -1 -0.951057 -0.809017 -0.587785 -0.309017 0 0.309017 0.587785 0.809017 0.951057 1 0.951057 0.809017 0.587785 0.309017 1.22465e-16 -0.309017 -0.587785 -0.809017 -0.951057 -1 -0.951057 -0.809017 -0.587785 -0.309017 -2.44929e-16 0.309017 0.587785 0.809017 0.951057 1 0.951057 0.809017 0.587785 0.309017 

0.587785 0.309017 3.67394e-16 -0.309017 -0.587785 -0.809017 -0.951057 -1 -0.951057 -0.809017 -0.587785 -0.309017 0 0.309017 0.587785 0.809017 0.951057 1 0.951057 0.809017 0.587785 0.309017 1.22465e-16 -0.309017 -0.587785 -0.809017 -0.951057 -1 -0.951057 -0.809017 -0.587785 -0.309017 -2.44929e-16 0.309017 0.587785 0.809017 0.951057 1 0.951057 0.809017 0.587785 

0.809017 0.587785 0.309017 3.67394e-16 -0.309017 -0.587785 -0.809017 -0.951057 -1 -0.951057 -0.809017 -0.587785 -0.309017 0 0.309017 0.587785 0.809017 0.951057 1 0.951057 0.809017 0.587785 0.309017 1.22465e-16 -0.309017 -0.587785 -0.809017 -0.951057 -1 -0.951057 -0.809017 -0.587785 -0.309017 -2.44929e-16 0.309017 0.587785 0.809017 0.951057 1 0.951057 0.809017 

0.951057 0.809017 0.587785 0.309017 3.67394e-16 -0.309017 -0.587785 -0.809017 -0.951057 -1 -0.951057 -0.809017 -0.587785 -0.309017 0 0.309017 0.587785 0.809017 0.951057 1 0.951057 0.809017 0.587785 0.309017 1.22465e-16 -0.309017 -0.587785 -0.809017 -0.951057 -1 -0.951057 -0.809017 -0.587785 -0.309017 -2.44929e-16 0.309017 0.587785 0.809017 0.951057 1 0.951057 

1 0.951057 0.809017 0.587785 0.309017 3.67394e-16 -0.309017 -0.587785 -0.809017 -0.951057 -1 -0.951057 -0.809017 -0.587785 -0.309017 0 0.309017 0.587785 0.809017 0.951057 1 0.951057 0.809017 0.587785 0.309017 1.22465e-16 -0.309017 -0.587785 -0.809017 -0.951057 -1 -0.951057 -0.809017 -0.587785 -0.309017 -2.44929e-16 0.309017 0.587785 0.809017 0.951057 1 

0.951057 1 0.951057 0.809017 0.587785 0.309017 3.67394e-16 -0.309017 -0.587785 -0.809017 -0.951057 -1 -0.951057 -0.809017 -0.587785 -0.309017 0 0.309017 0.587785 0.809017 0.951057 1 0.951057 0.809017 0.587785 0.309017 1.22465e-16 -0.309017 -0.587785 -0.809017 -0.951057 -1 -0.951057 -0.809017 -0.587785 -0.309017 -2.44929e-16 0.309017 0.587785 0.809017 0.951057 

0.809017 0.951057 1 0.951057 0.809017 0.587785 0.309017 3.67394e-16 -0.309017 -0.587785 -0.809017 -0.951057 -1 -0.951057 -0.809017 -0.587785 -0.309017 0 0.309017 0.587785 0.809017 0.951057 1 0.951057 0.809017 0.587785 0.309017 1.22465e-16 -0.309017 -0.587785 -0.809017 -0.951057 -1 -0.951057 -0.809017 -0.587785 -0.309017 -2.44929e-16 0.309017 0.587785 0.809017 

0.587785 0.809017 0.951057 1 0.951057 0.809017 0.587785 0.309017 3.67394e-16 -0.309017 -0.587785 -0.809017 -0.951057 -1 -0.951057 -0.809017 -0.587785 -0.309017 0 0.309017 0.587785 0.809017 0.951057 1 0.951057 0.809017 0.587785 0.309017 1.22465e-16 -0.309017 -0.587785 -0.809017 -0.951057 -1 -0.951057 -0.809017 -0.587785 -0.309017 -2.44929e-16 0.309017 0.587785 

0.309017 0.587785 0.809017 0.951057 1 0.951057 0.809017 0.587785 0.309017 3.67394e-16 -0.309017 -0.587785 -0.809017 -0.951057 -1 -0.951057 -0.809017 -0.587785 -0.309017 0 0.309017 0.587785 0.809017 0.951057 1 0.951057 0.809017 0.587785 0.309017 1.22465e-16 -0.309017 -0.587785 -0.809017 -0.951057 -1 -0.951057 -0.809017 -0.587785 -0.309017 -2.44929e-16 0.309017 

-2.44929e-16 0.309017 0.587785 0.809017 0.951057 1 0.951057 0.809017 0.587785 0.309017 3.67394e-16 -0.309017 -0.587785 -0.809017 -0.951057 -1 -0.951057 -0.809017 -0.587785 -0.309017 0 0.309017 0.587785 0.809017 0.951057 1 0.951057 0.809017 0.587785 0.309017 1.22465e-16 -0.309017 -0.587785 -0.809017 -0.951057 -1 -0.951057 -0.809017 -0.587785 -0.309017 -2.44929e-16 

-0.309017 -2.44929e-16 0.309017 0.587785 0.809017 0.951057 1 0.951057 0.809017 0.587785 0.309017 3.67394e-16 -0.309017 -0.587785 -0.809017 -0.951057 -1 -0.951057 -0.809017 -0.587785 -0.309017 0 0.309017 0.587785 0.809017 0.951057 1 0.951057 0.809017 0.587785 0.309017 1.22465e-16 -0.309017 -0.587785 -0.809017 -0.951057 -1 -0.951057 -0.809017 -0.587785 -0.309017 

-0.587785 -0.309017 -2.44929e-16 0.309017 0.587785 0.809017 0.951057 1 0.951057 0.809017 0.587785 0.309017 3.67394e-16 -0.309017 -0.587785 -0.809017 -0.951057 -1 -0.951057 -0.809017 -0.587785 -0.309017 0 0.309017 0.587785 0.809017 0.951057 1 0.951057 0.809017 0.587785 0.309017 1.22465e-16 -0.309017 -0.587785 -0.809017 -0.951057 -1 -0.951057 -0.809017 -0.587785 

-0.809017 -0.587785 -0.309017 -2.44929e-16 0.309017 0.587785 0.809017 0.951057 1 0.951057 0.809017 0.587785 0.309017 3.67394e-16 -0.309017 -0.587785 -0.809017 -0.951057 -1 -0.951057 -0.809017 -0.587785 -0.309017 0 0.309017 0.587785 0.809017 0.951057 1 0.951057 0.809017 0.587785 0.309017 1.22465e-16 -0.309017 -0.587785 -0.809017 -0.951057 -1 -0.951057 -0.809017 

-0.951057 -0.809017 -0.587785 -0.309017 -2.44929e-16 0.309017 0.587785 0.809017 0.951057 1 0.951057 0.809017 0.587785 0.309017 3.67394e-16 -0.309017 -0.587785 -0.809017 -0.951057 -1 -0.951057 -0.809017 -0.587785 -0.309017 0 0.309017 0.587785 0.809017 0.951057 1 0.951057 0.809017 0.587785 0.309017 1.22465e-16 -0.309017 -0.587785 -0.809017 -0.951057 -1 -0.951057 

-1 -0.951057 -0.809017 -0.587785 -0.309017 -2.44929e-16 0.309017 0.587785 0.809017 0.951057 1 0.951057 0.809017 0.587785 0.309017 3.67394e-16 -0.309017 -0.587785 -0.809017 -0.951057 -1 -0.951057 -0.809017 -0.587785 -0.309017 0 0.309017 0.587785 0.809017 0.951057 1 0.951057 0.809017 0.587785 0.309017 1.22465e-16 -0.309017 -0.587785 -0.809017 -0.951057 -1 

-0.951057 -1 -0.951057 -0.809017 -0.587785 -0.309017 -2.44929e-16 0.309017 0.587785 0.809017 0.951057 1 0.951057 0.809017 0.587785 0.309017 3.67394e-16 -0.309017 -0.587785 -0.809017 -0.951057 -1 -0.951057 -0.809017 -0.587785 -0.309017 0 0.309017 0.587785 0.809017 0.951057 1 0.951057 0.809017 0.587785 0.309017 1.22465e-16 -0.309017 -0.587785 -0.809017 -0.951057 

-0.809017 -0.951057 -1 -0.951057 -0.809017 -0.587785 -0.309017 -2.44929e-16 0.309017 0.587785 0.809017 0.951057 1 0.951057 0.809017 0.587785 0.309017 3.67394e-16 -0.309017 -0.587785 -0.809017 -0.951057 -1 -0.951057 -0.809017 -0.587785 -0.309017 0 0.309017 0.587785 0.809017 0.951057 1 0.951057 0.809017 0.587785 0.309017 1.22465e-16 -0.309017 -0.587785 -0.809017 

-0.587785 -0.809017 -0.951057 -1 -0.951057 -0.809017 -0.587785 -0.309017 -2.44929e-16 0.309017 0.587785 0.809017 0.951057 1 0.951057 0.809017 0.587785 0.309017 3.67394e-16 -0.309017 -0.587785 -0.809017 -0.951057 -1 -0.951057 -0.809017 -0.587785 -0.309017 0 0.309017 0.587785 0.809017 0.951057 1 0.951057 0.809017 0.587785 0.309017 1.22465e-16 -0.309017 -0.587785 

-0.309017 -0.587785 -0.809017 -0.951057 -1 -0.951057 -0.809017 -0.587785 -0.309017 -2.44929e-16 0.309017 0.587785 0.809017 0.951057 1 0.951057 0.809017 0.587785 0.309017 3.67394e-16 -0.309017 -0.587785 -0.809017 -0.951057 -1 -0.951057 -0.809017 -0.587785 -0.309017 0 0.309017 0.587785 0.809017 0.951057 1 0.951057 0.809017 0.587785 0.309017 1.22465e-16 -0.309017 

1.22465e-16 -0.309017 -0.587785 -0.809017 -0.951057 -1 -0.951057 -0.809017 -0.587785 -0.309017 -2.44929e-16 0.309017 0.587785 0.809017 0.951057 1 0.951057 0.809017 0.587785 0.309017 3.67394e-16 -0.309017 -0.587785 -0.809017 -0.951057 -1 -0.951057 -0.809017 -0.587785 -0.309017 0 0.309017 0.587785 0.809017 0.951057 1 0.951057 0.809017 0.587785 0.309017 1.22465e-16 

0.309017 1.22465e-16 -0.309017 -0.587785 -0.809017 -0.951057 -1 -0.951057 -0.809017 -0.587785 -0.309017 -2.44929e-16 0.309017 0.587785 0.809017 0.951057 1 0.951057 0.809017 0.587785 0.309017 3.67394e-16 -0.309017 -0.587785 -0.809017 -0.951057 -1 -0.951057 -0.809017 -0.587785 -0.309017 0 0.309017 0.587785 0.809017 0.951057 1 0.951057 0.809017 0.587785 0.309017 

0.587785 0.309017 1.22465e-16 -0.309017 -0.587785 -0.809017 -0.951057 -1 -0.951057 -0.809017 -0.587785 -0.309017 -2.44929e-16 0.309017 0.587785 0.809017 0.951057 1 0.951057 0.809017 0.587785 0.309017 3.67394e-16 -0.309017 -0.587785 -0.809017 -0.951057 -1 -0.951057 -0.809017 -0.587785 -0.309017 0 0.309017 0.587785 0.809017 0.951057 1 0.951057 0.809017 0.587785 

0.809017 0.587785 0.309017 1.22465e-16 -0.309017 -0.587785 -0.809017 -0.951057 -1 -0.951057 -0.809017 -0.587785 -0.309017 -2.44929e-16 0.309017 0.587785 0.809017 0.951057 1 0.951057 0.809017 0.587785 0.309017 3.67394e-16 -0.309017 -0.587785 -0.809017 -0.951057 -1 -0.951057 -0.809017 -0.587785 -0.309017 0 0.309017 0.587785 0.809017 0.951057 1 0.951057 0.809017 

0.951057 0.809017 0.587785 0.309017 1.22465e-16 -0.309017 -0.587785 -0.809017 -0.951057 -1 -0.951057 -0.809017 -0.587785 -0.309017 -2.44929e-16 0.309017 0.587785 0.809017 0.951057 1 0.951057 0.809017 0.587785 0.309017 3.67394e-16 -0.309017 -0.587785 -0.809017 -0.951057 -1 -0.951057 -0.809017 -0.587785 -0.309017 0 0.309017 0.587785 0.809017 0.951057 1 0.951057 

1 0.951057 0.809017 0.587785 0.309017 1.22465e-16 -0.309017 -0.587785 -0.809017 -0.951057 -1 -0.951057 -0.809017 -0.587785 -0.309017 -2.44929e-16 0.309017 0.587785 0.809017 0.951057 1 0.951057 0.809017 0.587785 0.309017 3.67394e-16 -0.309017 -0.587785 -0.809017 -0.951057 -1 -0.951057 -0.809017 -0.587785 -0.309017 0 0.309017 0.587785 0.809017 0.951057 1 

0.951057 1 0.951057 0.809017 0.587785 0.309017 1.22465e-16 -0.309017 -0.587785 -0.809017 -0.951057 -1 -0.951057 -0.809017 -0.587785 -0.309017 -2.44929e-16 0.309017 0.587785 0.809017 0.951057 1 0.951057 0.809017 0.587785 0.309017 3.67394e-16 -0.309017 -0.587785 -0.809017 -0.951057 -1 -0.951057 -0.809017 -0.587785 -0.309017 0 0.309017 0.587785 0.809017 0.951057 

0.809017 0.951057 1 0.951057 0.809017 0.587785 0.309017 1.22465e-16 -0.309017 -0.587785 -0.809017 -0.951057 -1 -0.951057 -0.809017 -0.587785 -0.309017 -2.44929e-16 0.309017 0.587785 0.809017 0.951057 1 0.951057 0.809017 0.587785 0.309017 3.67394e-16 -0.309017 -0.587785 -0.809017 -0.951057 -1 -0.951057 -0.809017 -0.587785 -0.309017 0 0.309017 0.587785 0.809017 

0.587785 0.809017 0.951057 1 0.951057 0.809017 0.587785 0.309017 1.22465e-16 -0.309017 -0.587785 -0.809017 -0.951057 -1 -0.951057 -0.809017 -0.587785 -0.309017 -2.44929e-16 0.309017 0.587785 0.809017 0.951057 1 0.951057 0.809017 0.587785 0.309017 3.67394e-16 -0.309017 -0.587785 -0.809017 -0.951057 -1 -0.951057 -0.809017 -0.587785 -0.309017 0 0.309017 0.587785 

0.309017 0.587785 0.809017 0.951057 1 0.951057 0.809017 0.587785 0.309017 1.22465e-16 -0.309017 -0.587785 -0.809017 -0.951057 -1 -0.951057 -0.809017 -0.587785 -0.309017 -2.44929e-16 0.309017 0.587785 0.809017 0.951057 1 0.951057 0.809017 0.587785 0.309017 3.67394e-16 -0.309017 -0.587785 -0.809017 -0.951057 -1 -0.951057 -0.809017 -0.587785 -0.309017 0 0.309017 

0 0.309017 0.587785 0.809017 0.951057 1 0.951057 0.809017 0.587785 0.309017 1.22465e-16 -0.309017 -0.587785 -0.809017 -0.951057 -1 -0.951057 -0.809017 -0.587785 -0.309017 -2.44929e-16 0.309017 0.587785 0.809017 0.951057 1 0.951057 0.809017 0.587785 0.309017 3.67394e-16 -0.309017 -0.587785 -0.809017 -0.951057 -1 -0.951057 -0.809017 -0.587785 -0.309017 0 

-0.309017 0 0.309017 0.587785 0.809017 0.951057 1 0.951057 0.809017 0.587785 0.309017 1.22465e-16 -0.309017 -0.587785 -0.809017 -0.951057 -1 -0.951057 -0.809017 -0.587785 -0.309017 -2.44929e-16 0.309017 0.587785 0.809017 0.951057 1 0.951057 0.809017 0.587785 0.309017 3.67394e-16 -0.309017 -0.587785 -0.809017 -0.951057 -1 -0.951057 -0.809017 -0.587785 -0.309017 

-0.587785 -0.309017 0 0.309017 0.587785 0.809017 0.951057 1 0.951057 0.809017 0.587785 0.309017 1.22465e-16 -0.309017 -0.587785 -0.809017 -0.951057 -1 -0.951057 -0.809017 -0.587785 -0.309017 -2.44929e-16 0.309017 0.587785 0.809017 0.951057 1 0.951057 0.809017 0.587785 0.309017 3.67394e-16 -0.309017 -0.587785 -0.809017 -0.951057 -1 -0.951057 -0.809017 -0.587785 

-0.809017 -0.587785 -0.309017 0 0.309017 0.587785 0.809017 0.951057 1 0.951057 0.809017 0.587785 0.309017 1.22465e-16 -0.309017 -0.587785 -0.809017 -0.951057 -1 -0.951057 -0.809017 -0.587785 -0.309017 -2.44929e-16 0.309017 0.587785 0.809017 0.951057 1 0.951057 0.809017 0.587785 0.309017 3.67394e-16 -0.309017 -0.587785 -0.809017 -0.951057 -1 -0.951057 -0.809017 

-0.951057 -0.809017 -0.587785 -0.309017 0 0.309017 0.587785 0.809017 0.951057 1 0.951057 0.809017 0.587785 0.309017 1.22465e-16 -0.309017 -0.587785 -0.809017 -0.951057 -1 -0.951057 -0.809017 -0.587785 -0.309017 -2.44929e-16 0.309017 0.587785 0.809017 0.951057 1 0.951057 0.809017 0.587785 0.309017 3.67394e-16 -0.309017 -0.587785 -0.809017 -0.951057 -1 -0.951057 

-1 -0.951057 -0.809017 -0.587785 -0.309017 0 0.309017 0.587785 0.809017 0.951057 1 0.951057 0.809017 0.587785 0.309017 1.22465e-16 -0.309017 -0.587785 -0.809017 -0.951057 -1 -0.951057 -0.809017 -0.587785 -0.309017 -2.44929e-16 0.309017 0.587785 0.809017 0.951057 1 0.951057 0.809017 0.587785 0.309017 3.67394e-16 -0.309017 -0.587785 -0.809017 -0.951057 -1 

-0.951057 -1 -0.951057 -0.809017 -0.587785 -0.309017 0 0.309017 0.587785 0.809017 0.951057 1 0.951057 0.809017 0.587785 0.309017 1.22465e-16 -0.309017 -0.587785 -0.809017 -0.951057 -1 -0.951057 -0.809017 -0.587785 -0.309017 -2.44929e-16 0.309017 0.587785 0.809017 0.951057 1 0.951057 0.809017 0.587785 0.309017 3.67394e-16 -0.309017 -0.587785 -0.809017 -0.951057 

-0.809017 -0.951057 -1 -0.951057 -0.809017 -0.587785 -0.309017 0 0.309017 0.587785 0.809017 0.951057 1 0.951057 0.809017 0.587785 0.309017 1.22465e-16 -0.309017 -0.587785 -0.809017 -0.951057 -1 -0.951057 -0.809017 -0.587785 -0.309017 -2.44929e-16 0.309017 0.587785 0.809017 0.951057 1 0.951057 0.809017 0.587785 0.309017 3.67394e-16 -0.309017 -0.587785 -0.809017 

-0.587785 -0.809017 -0.951057 -1 -0.951057 -0.809017 -0.587785 -0.309017 0 0.309017 0.587785 0.809017 0.951057 1 0.951057 0.809017 0.587785 0.309017 1.22465e-16 -0.309017 -0.587785 -0.809017 -0.951057 -1 -0.951057 -0.809017 -0.587785 -0.309017 -2.44929e-16 0.309017 0.587785 0.809017 0.951057 1 0.951057 0.809017 0.587785 0.309017 3.67394e-16 -0.309017 -0.587785 

-0.309017 -0.587785 -0.809017 -0.951057 -1 -0.951057 -0.809017 -0.587785 -0.309017 0 0.309017 0.587785 0.809017 0.951057 1 0.951057 0.809017 0.587785 0.309017 1.22465e-16 -0.309017 -0.587785 -0.809017 -0.951057 -1 -0.951057 -0.809017 -0.587785 -0.309017 -2.44929e-16 0.309017 0.587785 0.809017 0.951057 1 0.951057 0.809017 0.587785 0.309017 3.67394e-16 -0.309017 

3.67394e-16 -0.309017 -0.587785 -0.809017 -0.951057 -1 -0.951057 -0.809017 -0.587785 -0.309017 0 0.309017 0.587785 0.809017 0.951057 1 0.951057 0.809017 0.587785 0.309017 1.22465e-16 -0.309017 -0.587785 -0.809017 -0.951057 -1 -0.951057 -0.809017 -0.587785 -0.309017 -2.44929e-16 0.309017 0.587785 0.809017 0.951057 1 0.951057 0.809017 0.587785 0.309017 3.67394e-16 

0.309017 3.67394e-16 -0.309017 -0.587785 -0.809017 -0.951057 -1 -0.951057 -0.809017 -0.587785 -0.309017 0 0.309017 0.587785 0.809017 0.951057 1 0.951057 0.809017 0.587785 0.309017 1.22465e-16 -0.309017 -0.587785 -0.809017 -0.951057 -1 -0.951057 -0.809017 -0.587785 -0.309017 -2.44929e-16 0.309017 0.587785 0.809017 0.951057 1 0.951057 0.809017 0.587785 0.309017 

0.587785 0.309017 3.67394e-16 -0.309017 -0.587785 -0.809017 -0.951057 -1 -0.951057 -0.809017 -0.587785 -0.309017 0 0.309017 0.587785 0.809017 0.951057 1 0.951057 0.809017 0.587785 0.309017 1.22465e-16 -0.309017 -0.587785 -0.809017 -0.951057 -1 -0.951057 -0.809017 -0.587785 -0.309017 -2.44929e-16 0.309017 0.587785 0.809017 0.951057 1 0.951057 0.809017 0.587785 

0.809017 0.587785 0.309017 3.67394e-16 -0.309017 -0.587785 -0.809017 -0.951057 -1 -0.951057 -0.809017 -0.587785 -0.309017 0 0.309017 0.587785 0.809017 0.951057 1 0.951057 0.809017 0.587785 0.309017 1.22465e-16 -0.309017 -0.587785 -0.809017 -0.951057 -1 -0.951057 -0.809017 -0.587785 -0.309017 -2.44929e-16 0.309017 0.587785 0.809017 0.951057 1 0.951057 0.809017 

0.951057 0.809017 0.587785 0.309017 3.67394e-16 -0.309017 -0.587785 -0.809017 -0.951057 -1 -0.951057 -0.809017 -0.587785 -0.309017 0 0.309017 0.587785 0.809017 0.951057 1 0.951057 0.809017 0.587785 0.309017 1.22465e-16 -0.309017 -0.587785 -0.809017 -0.951057 -1 -0.951057 -0.809017 -0.587785 -0.309017 -2.44929e-16 0.309017 0.587785 0.809017 0.951057 1 0.951057 

1 0.951057 0.809017 0.587785 0.309017 3.67394e-16 -0.309017 -0.587785 -0.809017 -0.951057 -1 -0.951057 -0.809017 -0.587785 -0.309017 0 0.309017 0.587785 0.809017 0.951057 1 0.951057 0.809017 0.587785 0.309017 1.22465e-16 -0.309017 -0.587785 -0.809017 -0.951057 -1 -0.951057 -0.809017 -0.587785 -0.309017 -2.44929e-16 0.309017 0.587785 0.809017 0.951057 1 

0.951057 1 0.951057 0.809017 0.587785 0.309017 3.67394e-16 -0.309017 -0.587785 -0.809017 -0.951057 -1 -0.951057 -0.809017 -0.587785 -0.309017 0 0.309017 0.587785 0.809017 0.951057 1 0.951057 0.809017 0.587785 0.309017 1.22465e-16 -0.309017 -0.587785 -0.809017 -0.951057 -1 -0.951057 -0.809017 -0.587785 -0.309017 -2.44929e-16 0.309017 0.587785 0.809017 0.951057 

0.809017 0.951057 1 0.951057 0.809017 0.587785 0.309017 3.67394e-16 -0.309017 -0.587785 -0.809017 -0.951057 -1 -0.951057 -0.809017 -0.587785 -0.309017 0 0.309017 0.587785 0.809017 0.951057 1 0.951057 0.809017 0.587785 0.309017 1.22465e-16 -0.309017 -0.587785 -0.809017 -0.951057 -1 -0.951057 -0.809017 -0.587785 -0.309017 -2.44929e-16 0.309017 0.587785 0.809017 

